0.3021680216802168
0.3130081300813008
0.3346883468834688
0.34010840108401086
0.34010840108401086
0.33604336043360433
0.31029810298102983
0.34417344173441733
0.35907859078590787
0.3685636856368564
0.3617886178861789
0.3794037940379404
0.39295392953929537
0.4024390243902439
0.39295392953929537
0.44715447154471544
0.481029810298103
0.4742547425474255
0.540650406504065
0.5121951219512195
0.5880758807588076
0.6070460704607046
0.6002710027100271
0.5840108401084011
0.6490514905149052
0.6612466124661247
0.6029810298102981
0.6382113821138211
0.6219512195121951
0.6084010840108401
0.6693766937669376
0.6490514905149052
0.6612466124661247
0.6368563685636857
0.6151761517615176
0.6233062330623306
0.6775067750677507
0.6978319783197832
0.6775067750677507
0.6585365853658537
0.6693766937669376
0.6287262872628726
0.6897018970189702
0.6883468834688347
0.6869918699186992
0.6991869918699187
0.6937669376693767
0.7032520325203252
0.6720867208672087
0.7262872628726287
0.7059620596205962
0.6829268292682927
0.6924119241192412
0.6639566395663956
0.7330623306233063
0.7018970189701897
0.7168021680216802
0.7168021680216802
0.7032520325203252
0.6856368563685636
0.7032520325203252
0.7398373983739838
0.7249322493224932
0.7357723577235772
0.6937669376693767
0.7317073170731707
0.7425474254742548
0.7411924119241192
0.7249322493224932
0.7289972899728997
0.6842818428184282
0.7439024390243902
0.7520325203252033
0.7533875338753387
0.7317073170731707
0.7005420054200542
0.7588075880758808
0.7682926829268293
0.7682926829268293
0.7601626016260162
0.7655826558265583
0.7737127371273713
0.7100271002710027
0.7398373983739838
0.7046070460704607
0.7330623306233063
0.7533875338753387
0.7723577235772358
0.7710027100271003
0.7506775067750677
0.7439024390243902
0.7804878048780488
0.7981029810298103
0.7669376693766937
0.7493224932249323
0.7317073170731707
0.7696476964769647
0.7737127371273713
0.7628726287262872
0.7615176151761518
