2.0569956931439073
1.5377153629785056
1.5182963884793794
1.4963859529285641
1.4810883304574987
1.4713466062650575
1.4914691408911904
1.464359461606204
1.4375685767813042
1.421691282764896
1.4103633217759184
1.412246463062999
1.3897534543341332
1.3698176315852575
1.3884376706657828
1.3446206836910037
1.2979808030547677
1.2683363563411838
1.2456377142078274
1.152228220478519
1.1038491195374793
1.0631910824513697
1.050713056391412
1.0292595402225033
0.9926288822195032
0.9968106268526433
0.9549813657016545
0.9541063603464064
0.9444166624939049
0.9190174426351275
0.9004194965729346
0.8875576080856743
0.893845184818729
0.8984880552187071
0.8666491115486229
0.8820674570052178
0.8482312743480389
0.8223922573603116
0.8250007105397654
0.8290745576659402
0.8070515577609723
0.8122449956097446
0.8151296046408978
0.8116406736138103
0.8306085578687898
0.7557839554744762
0.7688302856225234
0.7726699084371
0.7641499389658918
0.7690296706917522
0.7399081594341403
0.761334246986515
0.742259796176638
0.7187060307670425
0.7372911117234073
0.7072145883198623
0.7252689626190688
0.6829779698298528
0.691676941546765
0.7264472308394673
0.6804584051881518
0.6883502517427716
0.6769012114503882
0.6908233110066299
0.6543567124958877
0.6602210025865953
0.6640922820175087
0.6603129437336555
0.6547968027355907
0.6357716295745347
0.6533329028349656
0.6677864832537515
0.6285436870632591
0.6177315420501834
0.612307608455092
0.628606629568142
0.5939844309628665
0.6059561011555431
0.5964940224702542
0.5826541889499832
0.5886691381315609
0.5875928991443509
0.5848534200545196
0.5656172698670692
0.5568841035876956
0.5879322324807827
0.5878033389101972
0.5365178704589277
0.5596791961035885
0.584097968844267
0.550381322319691
0.55218704192193
0.5497238380568368
0.5275617703631684
0.5555388418200252
0.5212919492642958
0.5055427513607256
0.5315188885062605
0.5214288904444202
0.534922563112699
